  1    ( 0.00,  0.00,  0.00)    Sol [Earth]
  2    ( 0.13,  1.26, -5.15)    Luyten 722-22
  3    ( 2.75, -3.48, -5.66)    Zeta Tucanae [Xing Cheng]
  4    (-2.06,  3.37, -6.21)    BD+04°123
  5    ( 2.69, -4.64, -6.30)    CP-68°41
  6    ( 1.14, -3.19, -5.80)    Rho Eridani
  7    (-4.50,  3.92, -5.19)    107 Piscium [Schwarzvaal]
  8    (-5.37,  2.80, -5.91)    USNO 694
  9    (-4.99,  1.49, -5.71)    BD6°398
 10    (-4.27, -0.91, -7.06)    BD-13°544
 11    (-6.15,  0.50, -5.80)    GJ 1057
 12    (-6.99,  0.22, -6.54)    Kappa Ceti
 13    (-1.15, -3.30, -5.20)    82 Eridani
 14    (-6.38, -2.09, -6.95)    Delta Eridani
 15    (-3.56, -1.35, -2.97)    40(O2) Eridani
 16    (-1.43, -5.62, -5.70)    GJ 2034
 17    (-6.78, -1.37, -2.94)    1 Pi(3)Orionis
 18    (-7.28, -3.41, -4.13)    BD-5°1123
 19    (-5.00, -5.32, -3.29)    Gamma Leporis [Concord]
 20    (-4.80, -2.20, -0.95)    NN 3379
 21    ( 2.09, -7.39, -4.22)    Alpha Mensae [Novoya Rossiya / Nova Brazil]
 22    (-1.76, -1.91, -0.41)    Sirius
 23    (-7.26, -5.60, -0.35)    BD-5°1844 [Pacifica]
 24    (-2.84, -1.89,  0.79)    Procyon
 25    (-4.89, -3.54,  1.45)    YZ Canis Minoris
 26    (-6.55, -5.49,  2.04)    Luyten 961-1
 27    ( 1.15, -6.41, -2.30)    Luyten 97-12
 28    (-7.04,  0.16,  3.99)    GJ 1105
 29    (-5.19, -3.51,  2.52)    Ross 619
 30    (-2.79, -5.13,  0.70)    Luyten 674-15
 31    (-6.17, -5.51,  2.91)    GJ 2066
 32    (-2.93, -0.90,  1.95)    DX Cancri
 32    (-6.83, -3.24,  4.45)    GJ 2069
 34    (-7.35,  3.09,  6.00)    NN 3512
 36    (-4.85, -6.05,  3.63)    NN 3517
 37    (-3.73, -1.95,  3.11)    GJ 1116
 38    (-2.89, -2.44,  2.38)    NN 3522
 39    (-4.37,  1.18,  4.17)    BD+53°1320
 40    ( 2.94, -7.08, -2.72)    GJ 1123
 41    ( 1.66, -9.84, -1.28)    Luyten 140-9
 42    (-3.31, -7.59,  4.17)    Kuiper 41
 43    (-2.31, -7.98,  3.37)    Luyten 678-39
 44    ( 1.80, -5.80, -1.29)    Luyten 68-28
 45    ( 0.36, -9.14,  0.91)    CP-45°3978
 46    (-2.79,  0.70,  3.70)    BD+50°1725
 47    (-2.29, -1.69,  4.00)    AD Leonis
 48    (-0.58, -1.20,  1.99)    Wolf 359
 49    (-2.40, -1.77,  6.24)    AC+23°468-46
 50    (-1.04, -0.09,  2.29)    Lalande 21185
 51    (-2.47,  3.29,  3.21)    AC+79°3888
 52    (-2.86,  1.80,  7.48)    GJ 1151
 53    (-2.12,  0.12,  7.81)    BD+36°2219
 54    (-2.37,  0.49,  8.27)    Groombridge 1830
 55    ( 0.12, -2.21,  6.41)    BD+11°2440
 56    ( 0.45, -1.30,  4.08)    FL Virginis
 57    (-1.59,  1.53,  8.43)    Beta Canum Venaticorum [Damso]
 58    ( 0.49,  0.46,  8.32)    Beta Comae Berenices
 59    ( 0.83,  0.95,  7.84)    NN 3789
 60    ( 2.78,  0.26,  9.13)    Eta Boötis
 61    ( 0.96, -0.93, -0.02)    Alpha Centauri [Olympia]
 62    ( 4.49, -1.79,  3.10)    BD-20°4125
 63    ( 4.83, -0.50,  4.07)    BD-7°4003
 64    ( 5.95,  1.16,  2.34)    V1054 Ophiuchi
 65    ( 7.19, -2.30, -0.69)    41 Arae [Refuge]
 66    ( 7.07, -1.01,  0.18)    CD-34°11626
 67    ( 4.55, -1.14, -0.55)    CD-44°11909
 68    ( 4.27,  2.46,  0.99)    70 Ophiuchi
 69    ( 2.83,  0.57, -0.52)    AC-24°2833-183
 70    (-1.02,  5.11,  2.09)    Sigma Draconis [Medina]
 71    ( 0.90,  4.58,  0.70)    V1581 Cygni
 72    ( 4.16, -2.42, -3.06)    Delta Pavonis [Altiplano]
 73    ( 0.46,  3.41, -0.35)    61 Cygni
 74    ( 2.12, -0.93, -2.57)    Epsilon Indi
 75    (-1.01,  3.84,  0.00)    Krüger 60
 76    ( 1.26,  1.36, -2.85)    EZ Aquarii
 77    ( 0.43,  3.66, -6.20)    GJ 1286
 78    ( 4.36, -5.17, -6.40)    CP-73°2299
 79    (-2.11, -0.60, -2.43)    Epsilon Eridani
 80    ( 1.53,  0.91,  0.44)    Barnard's Star
 81    (-0.99,  0.12, -3.35)    Tau Ceti
 82    (-0.65,  0.05, -2.55)    UV Ceti
 83    ( 1.06, -0.31, -4.37)    CD-37°15492
 84    (-0.81, -2.46, -3.42)    GJ 1061
 85    (-0.08,  1.78, -4.35)    GJ 1002
 86    (-3.19,  4.98, -0.52)    Eta Cassiopeiae
 87    (-4.26,  6.01, -1.02)    Mu Cassiopeiae
 88    (-0.91,  4.86, -1.15)    EV Lacertae
 89    ( 5.32,  1.04,  2.10)    Wolf 629
 90    ( 2.58,  0.97, -5.89)    Fomalhaut
 91    ( 0.67,  0.40, -7.49)    GJ 2005
 92    ( 2.82, -4.06, -4.12)    Beta Hydri
 93    ( 3.71, -2.91, -4.90)    Luyten 119-44
101    (-4.83, -4.31, -4.21)    BD-21°1051
102    (-6.47, -3.24, -6.06)    Luyten 806-34
103    (-6.79, -1.81, -6.44)    GJ 1065
104    (-2.60,  1.65, -3.24)    Luyten 1159-016
105    ( 1.43,  0.13, -3.20)    Lacaille 9352
106    ( 1.21,  2.64, -8.53)    NN 4360
107    ( 2.68,  2.03, -7.03)    CD-23°17699
108    ( 3.52,  2.73, -7.43)    FK Aquarii
109    (-0.63,  0.37, -3.67)    Luyten 725-32
110    ( 2.76,  0.19, -2.70)    CD-39°14192
111    ( 1.47,  1.89, -4.08)    IL Aquarii
112    ( 5.10, -0.46, -3.32)    CD-45°13677
113    ( 2.10, -1.06,  6.82)    BD 11°2576
114    ( 0.72, -0.36,  6.36)    GJ 2097
115    (-2.47, -0.15,  8.26)    61 Ursae Majoris
116    ( 6.43,  1.27, -4.83)    AT Microscopii
117    ( 0.21, -1.98,  6.23)    GJ 1156
118    (-1.81, -3.52,  5.64)    Wolf 358
119    ( 4.82,  0.44, -2.90)    HR 7703
120    (-0.53, -3.36,  2.99)    Lalande 21258
121    ( 5.29, -0.16,  0.64)    36 Ophiuchi
122    ( 5.26, -2.72,  1.27)    CD-40°9712
123    ( 5.45, -0.15,  0.65)    CD-26°12036
124    ( 6.62,  3.06,  2.65)    BD+02°3312
125    ( 7.12,  3.30,  1.23)    BD-03°4233
126    (-5.11, -3.15,  1.41)    NN 3454
127    (-3.45, -2.23, -0.45)    V577 Monocerotis
128    (-5.76, -1.40, -0.96)    AC+12°1800-213
129    (-6.55, -1.22, -2.28)    Steph 538
130    (-8.88,  0.00, -2.79)    BD+18°683
131    (-4.88, -2.48, -1.93)    BD-03°1123
132    (-9.44, -2.42, -2.37)    Ross 41
133    (-7.32, -2.92, -1.34)    GJ 1087
134    (-3.14, -1.99,  0.68)    Luyten's Star
135    ( 2.99,  7.97,  4.93)    BD+43°2796
136    ( 4.24,  6.12,  6.21)    BD+33°2777
137    ( 2.79,  6.73,  2.54)    Vega
138    ( 1.62,  4.81,  3.68)    Kuiper 79
139    (-0.60,  3.94,  2.49)    BD+68°946
140    ( 2.33,  6.01,  4.74)    USNO 752
141    ( 4.77,  6.21,  3.76)    Mu Herculis
142    ( 1.51,  7.39,  5.79)    NN 3988
143    (-0.19,  7.34,  3.75)    GJ 1227
144    (-1.55,  6.47,  3.55)    Chi Draconis
145    (-2.32,  6.41, -0.38)    HR 8832
146    ( 3.74,  0.22,  1.64)    BD-12°4523
147    ( 4.28, -4.77,  6.21)    61 Virginis
148    ( 2.22, -1.20, -7.38)    Luyten 362-081
149    ( 3.31,  3.64, -0.77)    Altair
150    ( 2.26, -0.93,  8.59)    70 Virginis
151    ( 2.96,  1.26,  5.89)    Xi Boötis
152    ( 1.76,  2.25,  8.21)    Luyten 1484-43
